11 73 29 73
43 82 44 44
77 95 78 95
24 58 57 58
57 90 58 58
7 98 8 97
17 92 18 91
3 90 65 89
5 30 6 6
19 89 20 88
36 76 75 75
4 53 27 53
24 75 25 25
8 9 9 9
29 90 56 76
47 50 48 49
36 76 37 75
9 95 10 94
1 97 4 92
2 99 3 98
35 87 36 87
30 90 31 89
2 99 3 3
19 73 20 20
48 65 57 65
4 76 5 76
51 64 52 64
2 40 23 39
5 84 6 6
1 95 54 94
22 94 26 94
41 73 42 73
9 95 10 95
8 67 9 66
33 88 34 88
4 74 11 74
15 96 16 96
14 96 15 15
4 89 20 88
4 98 32 90
46 92 58 77
10 86 44 86
16 70 17 70
1 97 2 2
3 15 14 14
2 99 3 99
2 55 14 55
7 9 8 8
2 83 72 82
11 71 12 70
1 93 62 84
6 27 7 26
14 89 15 15
5 84 8 84
34 65 35 64
30 97 96 96
22 52 51 51
19 37 20 37
20 64 21 64
30 98 31 97
10 52 11 11
6 88 7 87
7 77 8 8
25 98 26 26
4 60 56 60
15 86 16 85
46 61 60 60
3 36 16 36
70 88 72 87
37 89 88 88
6 73 8 29
9 63 62 63
13 94 94 94
23 73 34 72
4 87 5 86
19 38 30 38
1 99 98 99
54 92 73 84
28 98 97 98
2 96 6 96
74 79 75 79
6 98 7 97
43 85 44 85
5 95 6 95
12 55 13 55
9 82 10 10
62 70 63 70
20 68 21 67
78 83 82 83
4 94 11 94
67 88 68 88
39 88 40 40
64 80 79 80
13 86 14 57
5 97 6 96
1 68 2 67
43 54 47 53
37 79 38 79
19 92 91 91
23 44 43 44
2 35 3 35
27 99 68 99
6 96 7 95
20 79 21 78
48 97 62 76
25 91 26 90
43 91 44 44
8 66 61 63
57 69 68 69
47 70 48 70
64 78 77 77
10 90 90 90
14 55 55 55
33 84 44 84
2 61 4 61
2 84 7 84
9 69 10 69
40 43 42 43
27 99 28 28
37 88 38 88
6 22 7 7
50 74 51 51
32 67 37 66
4 31 13 31
12 71 70 71
10 97 96 97
12 45 13 44
13 85 43 84
4 73 5 72
7 61 8 60
3 77 4 76
7 99 8 98
31 89 44 49
17 89 18 88
34 38 37 38
24 85 25 25
29 73 51 73
18 93 19 92
31 73 32 32
47 95 48 94
17 52 27 52
37 82 38 51
2 78 3 77
32 96 34 96
22 63 62 62
10 29 11 28
13 80 14 80
4 92 25 91
46 74 67 74
78 93 79 93
3 91 14 91
72 83 73 73
4 99 7 99
17 90 18 90
41 69 68 68
19 66 65 65
30 97 31 73
8 90 9 9
53 99 99 99
13 89 14 14
3 99 95 98
25 76 26 75
47 98 48 98
34 87 35 86
22 62 61 61
1 59 2 59
14 56 56 56
7 98 8 96
5 93 6 6
7 39 38 39
44 56 45 56
1 98 4 98
8 38 9 38
3 83 5 83
18 83 19 82
3 94 4 59
5 85 9 85
6 44 43 44
59 86 85 86
72 95 73 95
11 98 98 98
31 69 35 55
13 98 14 97
9 94 10 93
1 88 3 75
43 82 44 44
28 66 28 28
57 90 58 58
7 98 8 97
17 92 18 91
3 90 65 89
5 30 6 6
19 89 20 88
36 76 75 75
3 99 3 98
24 75 25 25
11 60 11 28
20 66 20 20
29 90 56 76
24 65 24 24
6 96 6 94
47 50 48 49
36 76 37 75
9 95 10 94
1 97 4 92
2 99 3 98
30 90 31 89
2 99 3 3
19 73 20 20
63 64 63 63
10 85 10 10
14 73 14 72
2 40 23 39
35 46 35 45
5 84 6 6
1 95 54 94
8 67 9 66
26 81 26 26
2 66 2 26
6 40 6 39
14 96 15 15
4 89 20 88
4 98 32 90
46 92 58 77
54 66 54 64
21 88 21 59
1 97 2 2
3 15 14 14
7 39 7 29
42 46 42 44
9 79 9 9
7 9 8 8
2 83 72 82
11 71 12 70
2 85 2 84
1 93 62 84
6 27 7 26
14 89 15 15
68 99 68 98
34 65 35 64
9 98 9 9
30 97 96 96
22 52 51 51
39 53 39 48
11 87 11 52
30 98 31 97
10 52 11 11
34 61 34 48
6 88 7 87
7 77 8 8
24 71 24 70
25 98 26 26
15 86 16 85
4 87 4 86
46 61 60 60
70 88 72 87
37 89 88 88
6 73 8 29
23 73 34 72
2 23 2 22
4 87 5 86
16 72 16 23
22 72 22 71
12 63 12 62
54 92 73 84
15 25 15 24
11 22 11 11
3 43 3 10
59 61 59 60
6 98 7 97
5 81 5 80
77 85 77 84
29 71 29 70
6 53 6 6
16 96 16 90
9 82 10 10
25 98 25 97
20 68 21 67
15 56 15 43
39 88 40 40
8 88 8 87
25 72 25 25
13 86 14 57
5 97 6 96
13 88 13 87
1 68 2 67
57 74 57 57
43 54 47 53
2 93 2 2
1 52 1 51
19 92 91 91
6 15 6 6
2 88 2 87
82 86 82 84
6 96 7 95
9 73 9 41
20 79 21 78
48 97 62 76
25 91 26 90
35 92 35 77
43 91 44 44
8 66 61 63
17 73 17 17
64 78 77 77
2 99 2 2
8 69 8 68
16 97 16 96
14 39 14 38
27 99 28 28
48 94 48 92
4 47 4 46
6 22 7 7
10 93 10 10
50 74 51 51
32 67 37 66
12 45 13 44
1 62 1 61
13 85 43 84
10 41 10 11
4 73 5 72
1 98 1 97
7 61 8 60
3 77 4 76
7 99 8 98
39 97 39 94
31 89 44 49
17 89 18 88
24 85 25 25
20 82 20 20
11 94 11 11
18 93 19 92
30 97 30 96
31 73 32 32
47 95 48 94
37 82 38 51
13 99 13 94
5 97 5 6
2 78 3 77
2 78 2 3
22 63 62 62
10 29 11 28
4 92 25 91
20 92 20 20
38 98 38 97
15 70 15 69
11 98 11 97
72 83 73 73
41 69 68 68
41 94 41 82
30 62 30 61
19 66 65 65
30 97 31 73
8 90 9 9
13 89 14 14
3 99 95 98
25 76 26 75
11 35 11 33
34 87 35 86
1 86 1 85
22 62 61 61
1 96 1 1
34 79 34 78
5 91 5 89
7 98 8 96
5 93 6 6
1 73 1 1
18 83 19 82
3 94 4 59
31 69 35 55
13 98 14 97
6 92 6 89
9 94 10 93
1 88 3 75
21 21 21 79
10 10 10 72
71 71 39 72
40 47 40 49
2 96 2 97
98 98 1 99
24 33 7 91
9 65 8 97
69 76 41 84
81 81 53 82
12 89 11 90
20 27 20 28
12 12 12 35
3 82 2 83
17 94 17 95
3 96 2 97
11 46 10 47
44 44 43 76
45 62 45 63
85 86 83 87
18 24 18 25
53 90 52 91
22 34 7 35
5 5 4 94
46 48 46 91
6 91 5 92
32 43 6 79
76 93 25 94
15 90 14 91
2 54 2 55
7 92 6 93
7 62 6 63
24 88 24 90
23 24 23 63
15 15 15 28
55 67 54 68
9 67 8 68
34 65 34 94
58 58 57 81
72 73 29 94
66 79 8 92
7 8 7 94
32 32 32 92
54 85 2 86
54 55 54 63
63 63 62 96
92 92 34 93
23 41 22 58
15 98 15 99
6 6 5 47
49 75 49 96
12 88 11 89
16 49 10 84
70 70 15 71
13 75 12 76
86 86 31 87
7 74 7 75
23 23 23 61
16 98 15 99
74 86 18 95
17 19 10 21
13 83 12 84
5 47 5 48
5 5 4 98
27 86 26 87
7 7 6 87
5 5 4 99
32 51 31 52
32 40 31 41
6 37 6 44
25 88 24 89
13 13 13 66
33 98 33 99
3 45 2 46
47 47 47 76
11 74 11 75
41 41 30 45
58 58 32 59
41 41 41 59
2 2 2 45
41 50 36 51
19 19 19 95
37 65 37 66
5 96 5 99
73 75 47 90
62 74 35 91
77 77 8 78
21 21 20 91
4 96 3 97
22 22 21 57
39 90 38 91
46 66 46 67
32 85 32 86
68 93 58 94
7 25 7 26
32 67 32 84
38 73 37 74
18 18 17 61
56 97 41 98
18 44 17 45
82 82 28 83
51 75 50 76
19 19 18 88
30 76 8 97
1 1 1 99
46 76 46 77
36 54 10 87
14 14 13 56
2 2 1 99
29 59 28 60
96 96 2 97
82 82 16 83
25 32 25 91
3 3 2 49
46 81 45 82
77 84 57 92
6 6 6 95
1 46 1 68
5 94 5 95
27 27 27 97
49 50 46 95
7 14 6 30
13 13 12 39
56 69 56 79
46 77 46 78
85 85 56 86
1 60 1 99
20 20 20 93
4 62 4 63
6 97 3 99
54 60 53 61
16 79 7 91
65 72 31 98
1 5 1 87
50 90 49 91
76 76 76 81
3 3 3 89
26 81 25 82
18 39 17 40
5 63 5 64
11 31 11 77
8 90 8 91
33 33 33 69
79 83 59 84
26 84 26 85
5 87 4 88
96 96 11 97
5 79 4 80
43 80 5 81
63 67 63 75
34 62 33 63
27 88 27 89
29 97 28 98
71 71 39 72
96 96 9 96
98 98 1 99
33 84 3 84
24 33 7 91
9 65 8 97
69 76 41 84
81 81 53 82
97 98 1 98
12 89 11 90
34 35 3 35
48 90 47 90
3 99 2 99
3 82 2 83
39 39 11 39
21 46 20 46
27 97 26 97
3 96 2 97
11 46 10 47
37 42 33 42
44 44 43 76
85 86 83 87
53 90 52 91
23 60 18 60
22 34 7 35
5 5 4 94
52 58 51 58
6 91 5 92
32 43 6 79
32 99 10 99
76 93 25 94
75 76 13 76
15 90 14 91
34 35 31 35
7 92 6 93
89 90 61 90
7 62 6 63
55 67 54 68
9 67 8 68
58 58 57 81
72 73 29 94
66 79 8 92
54 85 2 86
98 99 1 99
53 70 52 70
63 63 62 96
92 92 34 93
23 41 22 58
22 99 16 99
6 6 5 47
23 96 9 96
5 58 2 58
12 88 11 89
16 49 10 84
70 70 15 71
13 75 12 76
45 75 44 75
86 86 31 87
94 94 90 94
16 98 15 99
10 88 8 88
74 86 18 95
51 99 50 99
17 19 10 21
3 7 2 7
13 83 12 84
5 5 4 98
36 39 5 39
27 86 26 87
7 7 6 87
5 5 4 99
28 46 5 46
32 51 31 52
32 40 31 41
92 93 15 93
4 98 3 98
25 88 24 89
2 99 1 99
26 27 10 27
81 82 41 82
3 45 2 46
41 41 30 45
58 58 32 59
41 50 36 51
29 40 28 40
25 80 24 80
12 48 7 48
27 98 26 98
95 96 94 96
3 96 2 96
94 94 19 94
53 54 49 54
10 76 9 76
62 62 25 62
73 75 47 90
62 74 35 91
77 77 8 78
21 21 20 91
14 63 13 63
82 99 9 99
4 96 3 97
20 24 19 24
22 22 21 57
39 90 38 91
48 49 2 49
68 93 58 94
2 94 1 94
37 37 36 37
56 82 55 82
40 41 33 41
34 71 9 71
38 73 37 74
91 92 66 92
18 18 17 61
56 97 41 98
18 44 17 45
82 82 28 83
22 51 21 51
39 88 23 88
51 75 50 76
19 19 18 88
30 76 8 97
4 92 3 92
92 93 5 93
50 50 35 50
36 54 10 87
11 81 10 81
59 59 58 59
14 14 13 56
2 2 1 99
29 59 28 60
96 96 2 97
82 82 16 83
81 82 38 82
21 67 8 67
3 3 2 49
46 81 45 82
77 84 57 92
67 82 48 82
91 92 4 92
27 95 26 95
49 50 46 95
7 14 6 30
13 13 12 39
15 86 13 86
2 64 1 64
85 85 56 86
6 97 3 99
54 60 53 61
16 79 7 91
4 99 3 99
63 64 50 64
13 59 12 59
65 72 31 98
50 90 49 91
89 90 21 90
26 81 25 82
18 39 17 40
45 46 1 46
55 55 54 55
79 83 59 84
5 87 4 88
96 96 11 97
5 79 4 80
43 80 5 81
32 47 31 47
58 58 18 58
8 58 7 58
34 62 33 63
29 97 28 98
58 69 38 69
38 76 37 76
